-0.000001 0.000003 0.000008
-0.000665 0.001973 0.000250
-0.000447 0.005105 -0.000705
-0.000115 0.008755 -0.000948
-0.000031 0.011161 -0.001629
-0.000903 0.012704 -0.002733
-0.001922 0.013547 -0.004027
-0.002892 0.014351 -0.004968
-0.003584 0.015091 -0.005649
-0.005503 0.016988 -0.007472
-0.008623 0.018950 -0.009312
-0.024061 0.022864 -0.013147
-0.034809 0.024193 -0.014484
-0.042545 0.025083 -0.015163
-0.055391 0.026523 -0.015850
-0.064900 0.027389 -0.016646
-0.077140 0.028307 -0.017781
-0.095250 0.029549 -0.018778
-0.109936 0.030422 -0.019217
-0.128234 0.031214 -0.019850
-0.151864 0.031679 -0.020981
-0.170885 0.031774 -0.022051
-0.191649 0.031970 -0.023070
-0.220958 0.032511 -0.025209
-0.241195 0.033285 -0.026760
-0.263725 0.034449 -0.028110
-0.293628 0.035878 -0.030921
-0.331089 0.038483 -0.035139
-0.360364 0.042301 -0.036966
-0.397627 0.048168 -0.039694
-0.433085 0.053541 -0.044907
-0.455737 0.056753 -0.048819
-0.475572 0.059312 -0.052945
-0.498480 0.062051 -0.058605
-0.527915 0.065268 -0.066712
-0.548137 0.067061 -0.072787
-0.566803 0.068183 -0.079132
-0.595111 0.069058 -0.089963
-0.615841 0.069467 -0.097979
-0.628372 0.069623 -0.102959
-0.650794 0.069810 -0.112549
-0.678051 0.070104 -0.125268
-0.698865 0.070505 -0.135505
-0.754993 0.072502 -0.164534
-0.791406 0.075479 -0.185723
-0.845731 0.085942 -0.215695
-0.872739 0.094752 -0.230856
-0.915415 0.109263 -0.249887
-0.973279 0.125125 -0.273313
-1.011734 0.133308 -0.286076
-1.053286 0.138487 -0.300643
-1.087808 0.140689 -0.311975
-1.131497 0.141977 -0.326065
-1.159705 0.142326 -0.335060
-1.185276 0.142749 -0.342132
-1.214604 0.143381 -0.348892
-1.245517 0.144063 -0.355734
-1.293616 0.146542 -0.364983
-1.337434 0.150021 -0.373870
-1.384888 0.155228 -0.385316
-1.438515 0.163143 -0.400377
-1.467462 0.168951 -0.408027
-1.496987 0.175787 -0.415845
-1.534894 0.184871 -0.427457
-1.558500 0.190555 -0.434974
-1.585532 0.196620 -0.443580
-1.619072 0.202554 -0.455711
-1.635562 0.204823 -0.462648
-1.652289 0.206782 -0.470132
-1.705501 0.210894 -0.494473
-1.768229 0.212227 -0.524893
-1.799133 0.213083 -0.540378
-1.844191 0.215841 -0.564256
-1.868781 0.219335 -0.576846
-1.893401 0.224825 -0.588677
-1.914655 0.230095 -0.601145
-1.945395 0.239777 -0.618327
-1.963219 0.246428 -0.626062
-1.988613 0.255813 -0.639168
-2.013285 0.264915 -0.654215
-2.031893 0.272049 -0.663906
-2.048553 0.278279 -0.671350
-2.080101 0.288760 -0.685405
-2.095568 0.293207 -0.692400
-2.113675 0.297850 -0.699918
-2.147736 0.304655 -0.711823
-2.178680 0.308306 -0.722505
-2.192161 0.309170 -0.727561
-2.210376 0.309838 -0.734499
-2.238448 0.310269 -0.744613
-2.270602 0.310355 -0.755459
-2.296872 0.310016 -0.764469
-2.329371 0.309223 -0.775692
-2.372878 0.308333 -0.789266
-2.405037 0.308323 -0.798777
-2.438726 0.309568 -0.809717
-2.482053 0.314169 -0.824245
-2.512007 0.318843 -0.835667
-2.542207 0.324968 -0.847850
-2.582653 0.336905 -0.860824
-2.636054 0.355413 -0.878359
-2.666411 0.363782 -0.892499
-2.700542 0.372067 -0.908832
-2.728303 0.378521 -0.922154
-2.758312 0.384889 -0.938293
-2.762011 0.385613 -0.940408
-2.804899 0.393253 -0.964773
-2.839057 0.397494 -0.984637
-2.858471 0.398864 -0.996780
-2.881857 0.399668 -1.012081
-2.927816 0.399527 -1.042789
-2.999885 0.397620 -1.095884
-3.041023 0.398189 -1.131229
-3.068038 0.402643 -1.151420
-3.107686 0.418787 -1.180704
-3.141601 0.438222 -1.203763
-3.166842 0.452008 -1.220519
-3.200044 0.469630 -1.244459
-3.220181 0.480147 -1.258045
-3.252887 0.495678 -1.279379
-3.276090 0.505263 -1.295604
-3.314648 0.518614 -1.323081
-3.329408 0.522735 -1.333613
-3.360753 0.529677 -1.356149
-3.385635 0.533773 -1.373820
-3.409790 0.536849 -1.390041
-3.437029 0.539309 -1.408140
-3.461718 0.540886 -1.425116
-3.486245 0.542790 -1.441608
-3.521363 0.547778 -1.463753
-3.546261 0.552363 -1.480625
-3.571188 0.557760 -1.498105
-3.598392 0.564733 -1.516340
-3.625538 0.572945 -1.534422
-3.642045 0.578845 -1.545520
-3.650518 0.582184 -1.551127
-3.666242 0.588814 -1.561436
-3.691636 0.599866 -1.579441
-3.721935 0.612699 -1.605488
-3.741859 0.621067 -1.623861
-3.778557 0.635924 -1.658451
-3.798105 0.642732 -1.678130
-3.820731 0.649663 -1.701159
-3.851120 0.657008 -1.733168
-3.872109 0.660272 -1.756267
-3.890435 0.661953 -1.777338
-3.915790 0.663167 -1.808667
-3.934640 0.663920 -1.833693
-3.952238 0.665173 -1.857662
-3.976779 0.668313 -1.893037
-3.995133 0.672342 -1.920012
-4.008849 0.676500 -1.939685
-4.030463 0.684438 -1.971938
-4.047515 0.691234 -2.000748
-4.058935 0.696428 -2.018619
-4.065121 0.699495 -2.027645
-4.077613 0.706033 -2.045304
-4.095036 0.715533 -2.071635
-4.118313 0.728733 -2.109803
-4.137662 0.739526 -2.137546
-4.157014 0.749555 -2.162841
-4.181873 0.761036 -2.195792
-4.195042 0.766354 -2.213488
-4.215864 0.773551 -2.240978
-4.243835 0.780982 -2.276202
-4.264849 0.785214 -2.301797
-4.287960 0.788881 -2.329572
-4.320798 0.793662 -2.366463
-4.342833 0.796963 -2.389613
-4.359487 0.799437 -2.406942
-4.393796 0.805211 -2.443818
-4.403232 0.807035 -2.454527
-4.418804 0.810265 -2.472963
-4.433065 0.813671 -2.490162
-4.439530 0.815405 -2.497942
-4.452562 0.819287 -2.513685
-4.464645 0.823392 -2.528483
-4.471733 0.826073 -2.537263
-4.501318 0.840294 -2.573240
-4.514999 0.848550 -2.589211
-4.559399 0.877779 -2.649162
-4.570766 0.885244 -2.666122
-4.582827 0.893092 -2.684232
-4.588873 0.897005 -2.693365
-4.600921 0.904726 -2.711780
-4.617498 0.915058 -2.737925
-4.635123 0.925575 -2.767052
-4.652505 0.935261 -2.796804
-4.667343 0.942491 -2.822824
-4.688324 0.950539 -2.861896
-4.703585 0.954786 -2.892152
-4.717255 0.957708 -2.920918
-4.731341 0.960429 -2.952813
-4.743683 0.963096 -2.980369
-4.757319 0.966764 -3.010076
-4.766317 0.969892 -3.030390
-4.770722 0.971688 -3.040728
-4.775028 0.973612 -3.051202
-4.790515 0.981982 -3.097070
-4.801194 0.990023 -3.129131
-4.808564 0.996370 -3.147266
-4.813452 1.000910 -3.158957
-4.821060 1.008650 -3.178508
-4.828098 1.016505 -3.198511
-4.831294 1.020140 -3.207504
-4.852757 1.042595 -3.257442
-4.869095 1.058812 -3.296093
-4.872673 1.062273 -3.305346
-4.886069 1.074073 -3.339541
-4.898202 1.082857 -3.366760
-4.912592 1.091223 -3.396843
-4.929997 1.098638 -3.434290
-4.931918 1.099277 -3.438567
-4.949121 1.103432 -3.478007
-4.965471 1.105247 -3.515986
-4.980972 1.106276 -3.550876
-4.996108 1.107527 -3.583924
-5.002590 1.108212 -3.597599
-5.013093 1.109590 -3.619060
-5.029553 1.112509 -3.651102
-5.048284 1.116811 -3.685937
-5.052411 1.117870 -3.693577
-5.064024 1.120944 -3.715799
-5.077057 1.124521 -3.742411
-5.093653 1.129553 -3.777266
-5.110783 1.135876 -3.814024
-5.120999 1.140694 -3.837029
-5.145661 1.157751 -3.897930
-5.148510 1.160255 -3.905755
-5.163237 1.175162 -3.950960
-5.173231 1.186296 -3.984509
-5.180059 1.193477 -4.007225
-5.188870 1.201646 -4.037056
-5.201711 1.210858 -4.084198
-5.210530 1.215058 -4.118250
-5.217823 1.217346 -4.148151
-5.224834 1.218716 -4.178684
-5.230848 1.219370 -4.206092
-5.233008 1.219516 -4.216162
-5.238906 1.219769 -4.244039
-5.243891 1.219939 -4.268272
-5.245955 1.220041 -4.278525
-5.254104 1.220871 -4.319710
-5.263214 1.223077 -4.368610
-5.276620 1.231045 -4.449054
-5.282298 1.236558 -4.485726
-5.287168 1.243467 -4.529643
-5.296931 1.256623 -4.587096
-5.302149 1.263772 -4.616945
-5.306577 1.271376 -4.651975
-5.314191 1.283778 -4.706453
-5.321785 1.293272 -4.744596
-5.327959 1.300621 -4.775150
-5.336196 1.311467 -4.826692
-5.342026 1.318982 -4.867455
-5.348202 1.324912 -4.900825
-5.355158 1.330118 -4.932770
-5.367000 1.337131 -4.987906
-5.388879 1.345275 -5.079927
-5.408412 1.350374 -5.150658
-5.411956 1.351326 -5.162919
-5.424675 1.355475 -5.204604
-5.436617 1.360792 -5.241071
-5.459510 1.377602 -5.335595
-5.467403 1.385212 -5.374368
-5.477284 1.394880 -5.418475
-5.488934 1.409727 -5.495999
-5.496178 1.422159 -5.556437
-5.501653 1.432216 -5.598498
-5.505071 1.439057 -5.629159
-5.510504 1.449257 -5.684686
-5.514661 1.455326 -5.726635
-5.518967 1.460478 -5.771530
-5.523179 1.465243 -5.831164
-5.525054 1.467380 -5.873886
-5.526118 1.468516 -5.901818
-5.527154 1.469632 -5.931041
-5.528918 1.472239 -5.995303
-5.529368 1.473902 -6.027415
-5.528907 1.477501 -6.080208
-5.526874 1.481282 -6.126186
-5.525896 1.486705 -6.167370
-5.525810 1.497148 -6.216048
-5.525181 1.508124 -6.253773
-5.524654 1.521756 -6.294865
-5.525897 1.539667 -6.347644
-5.527084 1.553301 -6.388316
-5.527244 1.566068 -6.428827
-5.526919 1.577288 -6.468098
-5.526807 1.588066 -6.510388
-5.526908 1.597492 -6.553070
-5.526695 1.605359 -6.596205
-5.526255 1.609768 -6.625870
-5.525654 1.614437 -6.664870
-5.525725 1.620134 -6.722106
-5.526004 1.624792 -6.772049
-5.525741 1.628323 -6.811883
-5.525584 1.631200 -6.842885
-5.525874 1.636328 -6.889516
-5.524554 1.642649 -6.944326
-5.522131 1.654054 -7.020651
-5.519251 1.671214 -7.096774
-5.515047 1.691019 -7.165571
-5.510607 1.706299 -7.217543
-5.506526 1.718629 -7.260911
-5.502668 1.729144 -7.300192
-5.497794 1.739513 -7.343603
-5.493087 1.747532 -7.381224
-5.488778 1.753737 -7.413054
-5.481259 1.761973 -7.461916
-5.474856 1.767473 -7.500323
-5.464265 1.775870 -7.567249
-5.457311 1.780673 -7.609193
-5.447745 1.787793 -7.664245
-5.440164 1.793261 -7.701844
-5.434098 1.797625 -7.728693
-5.422879 1.806834 -7.775453
-5.416129 1.811973 -7.799865
-5.405140 1.820045 -7.837081
-5.390373 1.834410 -7.893080
-5.380343 1.846124 -7.933121
-5.363738 1.865722 -7.998655
-5.349739 1.885372 -8.065759
-5.338970 1.900915 -8.124137
-5.323187 1.921089 -8.217415
-5.313667 1.929565 -8.271754
-5.306844 1.935465 -8.314791
-5.301514 1.940574 -8.354941
-5.295139 1.946839 -8.411218
-5.293344 1.948765 -8.429862
-5.289246 1.954503 -8.485192
-5.287407 1.959247 -8.527954
-5.286522 1.962886 -8.557231
-5.285651 1.966919 -8.586003
-5.284843 1.971481 -8.614195
-5.282983 1.980315 -8.661533
-5.279351 1.987363 -8.698464
-5.272136 2.000245 -8.756775
-5.268507 2.014134 -8.803956
-5.265547 2.024866 -8.837209
-5.259872 2.038992 -8.879715
-5.255613 2.048619 -8.907804
-5.251383 2.059119 -8.938104
-5.247007 2.070621 -8.972116
-5.240858 2.082830 -9.012862
-5.233329 2.093041 -9.053974
-5.223515 2.103097 -9.102980
-5.214382 2.110244 -9.145066
-5.205231 2.115922 -9.184568
-5.191836 2.122339 -9.235841
-5.184448 2.125448 -9.261952
-5.175739 2.129045 -9.291962
-5.161538 2.135395 -9.339575
-5.153069 2.139387 -9.365906
-5.131961 2.150322 -9.427266
-5.118302 2.157429 -9.463733
-5.097600 2.168522 -9.516563
-5.086851 2.179286 -9.552676
-5.075237 2.191089 -9.588727
-5.053906 2.211428 -9.649593
-5.039003 2.227566 -9.696237
-5.026796 2.240606 -9.732212
-5.014540 2.253845 -9.767099
-4.995740 2.275527 -9.822378
-4.976196 2.296625 -9.880618
-4.961166 2.310109 -9.924743
-4.949774 2.319209 -9.959109
-4.938932 2.327807 -9.994949
-4.923626 2.339153 -10.051120
-4.894444 2.357861 -10.166418
-4.878864 2.368806 -10.234026
-4.863177 2.381528 -10.297574
-4.846266 2.397429 -10.359715
-4.834331 2.413937 -10.411480
-4.826160 2.427833 -10.450790
-4.818964 2.438110 -10.479392
-4.803499 2.455663 -10.528146
-4.792110 2.468369 -10.562844
-4.781137 2.481369 -10.599239
-4.765670 2.495686 -10.647263
-4.762127 2.498321 -10.657813
-4.754469 2.503627 -10.681219
-4.749648 2.506683 -10.696414
-4.747432 2.507990 -10.703427
-4.739930 2.511922 -10.726856
-4.732102 2.515326 -10.750463
-4.718342 2.520130 -10.789429
-4.708357 2.523138 -10.816305
-4.701522 2.525266 -10.834889
-4.689317 2.529273 -10.868432
-4.676261 2.533585 -10.903321
-4.662484 2.538511 -10.939632
-4.649999 2.544044 -10.973810
-4.633760 2.553742 -11.020800
-4.620886 2.562757 -11.056408
-4.605145 2.571580 -11.091790
-4.586953 2.587473 -11.141585
-4.580282 2.596725 -11.165946
-4.569795 2.608364 -11.197033
-4.549133 2.626726 -11.247949
-4.530604 2.643388 -11.292848
-4.513354 2.659926 -11.333817
-4.480792 2.690662 -11.409658
-4.472457 2.698660 -11.431288
-4.467915 2.702822 -11.443320
-4.460411 2.709206 -11.463263
-4.451799 2.715615 -11.485761
-4.424980 2.731225 -11.555079
-4.402805 2.742424 -11.618997
-4.383114 2.752829 -11.681293
-4.366378 2.763512 -11.735183
-4.354515 2.772966 -11.772855
-4.341258 2.784509 -11.811982
-4.322559 2.801798 -11.862618
-4.312501 2.812697 -11.891003
-4.298679 2.828534 -11.928154
-4.279692 2.850060 -11.973128
-4.264451 2.866211 -12.004594
-4.247862 2.883564 -12.037063
-4.226488 2.905803 -12.077866
-4.209352 2.922341 -12.108695
-4.175657 2.951036 -12.166121
-4.156015 2.965711 -12.198890
-4.144685 2.973117 -12.217051
-4.121422 2.986173 -12.253268
-4.106284 2.993240 -12.276359
-4.094749 2.997952 -12.293882
-4.083102 3.002198 -12.311546
-4.063775 3.008058 -12.340010
-4.051036 3.011047 -12.357492
-4.036323 3.013963 -12.376812
-4.020651 3.016925 -12.397032
-4.005140 3.020247 -12.417084
-3.975312 3.028258 -12.455651
-3.961560 3.032689 -12.473132
-3.946021 3.038154 -12.492368
-3.913992 3.049217 -12.529196
-3.887629 3.060059 -12.560505
-3.874071 3.067109 -12.578298
-3.871862 3.068326 -12.581256
-3.857848 3.076137 -12.599825
-3.833679 3.089559 -12.630724
-3.806073 3.105878 -12.666752
-3.793142 3.114115 -12.684306
-3.778039 3.123658 -12.704491
-3.769978 3.128529 -12.714917
-3.755005 3.137063 -12.733709
-3.717292 3.156632 -12.781208
-3.688261 3.170010 -12.818912
-3.650605 3.184160 -12.867130
-3.633942 3.189480 -12.888251
-3.605095 3.198291 -12.926659
-3.569319 3.209032 -12.977059
-3.545352 3.215843 -13.008822
-3.521822 3.223501 -13.039644
-3.490546 3.235963 -13.080773
-3.475914 3.242791 -13.100358
-3.460325 3.250418 -13.120952
-3.436110 3.263062 -13.151303
-3.429248 3.266954 -13.159686
-3.414345 3.275919 -13.177915
-3.398706 3.285567 -13.196793
-3.390372 3.290664 -13.206607
-3.374898 3.299982 -13.224235
-3.368580 3.303708 -13.231173
-3.335595 3.321950 -13.264407
-3.318646 3.330959 -13.280467
-3.309354 3.335934 -13.289294
-3.276479 3.353218 -13.320791
-3.255862 3.363062 -13.340386
-3.230980 3.373267 -13.363313
-3.194112 3.385175 -13.396422
-3.167775 3.391846 -13.419859
-3.137109 3.398003 -13.446363
-3.100880 3.403573 -13.476699
-3.069380 3.407663 -13.502905
-3.038536 3.411166 -13.528093
-2.999415 3.415497 -13.559504
-2.970931 3.419292 -13.582949
-2.949814 3.422755 -13.601040
-2.922090 3.427940 -13.624575
-2.878510 3.436702 -13.659733
-2.848168 3.446526 -13.686310
-2.767168 3.490899 -13.757710
-2.748453 3.501892 -13.773031
-2.692163 3.535240 -13.818109
-2.664246 3.551063 -13.839878
-2.645042 3.561518 -13.855023
-2.608915 3.579655 -13.884346
-2.560604 3.598649 -13.923501
-2.533989 3.606704 -13.945334
-2.509915 3.612736 -13.965292
-2.486304 3.617528 -13.984750
-2.444524 3.624712 -14.020315
-2.415410 3.629585 -14.046005
-2.383796 3.634817 -14.072704
-2.349665 3.640615 -14.099158
-2.324027 3.645927 -14.118433
-2.239172 3.675498 -14.187579
-2.203494 3.688566 -14.212505
-2.167147 3.703939 -14.237976
-2.112312 3.728912 -14.274560
-2.066877 3.749697 -14.301189
-2.020783 3.770755 -14.326369
-1.988617 3.785123 -14.344536
-1.941984 3.803219 -14.369907
-1.909387 3.813982 -14.387098
-1.872844 3.824767 -14.406440
-1.836896 3.834067 -14.425187
-1.800211 3.842154 -14.443861
-1.750166 3.851605 -14.468618
-1.739978 3.853376 -14.473487
-1.720698 3.856661 -14.482575
-1.686961 3.862496 -14.498594
-1.627642 3.874808 -14.527840
-1.594631 3.883138 -14.544584
-1.557918 3.893632 -14.563502
-1.507130 3.909502 -14.589377
-1.464767 3.924066 -14.611201
-1.428472 3.938118 -14.630871
-1.388679 3.954691 -14.652481
-1.336015 3.976428 -14.679282
-1.294076 3.993072 -14.700392
-1.240885 4.013442 -14.726906
-1.202318 4.027953 -14.745640
-1.173676 4.038410 -14.759559
-1.122705 4.056268 -14.785858
-1.094943 4.065331 -14.801137
-1.065513 4.073864 -14.817136
-1.021454 4.084956 -14.840693
-0.982916 4.093914 -14.861910
-0.965216 4.097994 -14.872178
-0.958915 4.099436 -14.875902
-0.917191 4.108668 -14.901143
-0.841444 4.124529 -14.947762
-0.778736 4.138792 -14.987587
-0.715850 4.156000 -15.030521
-0.625293 4.181903 -15.085910
-0.468255 4.241762 -15.182553
-0.405078 4.270189 -15.216704
-0.355560 4.293595 -15.245491
-0.279564 4.324208 -15.287500
-0.229398 4.340583 -15.314757
-0.192112 4.350932 -15.334880
-0.154858 4.359795 -15.354706
-0.138143 4.363338 -15.363452
-0.113683 4.368108 -15.376129
-0.089102 4.372531 -15.388828
-0.048510 4.379364 -15.409903
0.003065 4.388582 -15.437220
0.102155 4.410236 -15.487132
0.171043 4.431671 -15.518602
0.230332 4.459783 -15.548988
0.266819 4.479999 -15.569653
0.377544 4.539323 -15.631164
0.413510 4.557875 -15.651449
0.446948 4.574393 -15.671120
0.493358 4.595564 -15.698820
0.533026 4.611359 -15.722389
0.618875 4.639080 -15.775431
0.679658 4.655496 -15.815060
0.715461 4.665899 -15.840597
0.752186 4.678197 -15.868159
0.806539 4.696908 -15.904526
0.869768 4.722904 -15.943977
0.920522 4.747604 -15.973715
0.957828 4.767539 -15.994490
0.994960 4.787445 -16.014089
1.040409 4.812276 -16.037938
1.053435 4.819548 -16.044826
1.078098 4.833435 -16.057800
1.100140 4.845904 -16.069310
1.134872 4.864963 -16.086934
1.159335 4.877697 -16.098942
1.170986 4.883613 -16.104639
1.182619 4.889430 -16.110330
1.201238 4.898478 -16.119379
1.205904 4.900680 -16.121621
1.250425 4.920340 -16.142380
1.286876 4.934799 -16.158574
1.320967 4.947300 -16.173477
1.338634 4.953385 -16.181164
1.357506 4.959599 -16.189298
1.369293 4.963367 -16.194352
1.395213 4.971401 -16.205285
1.425989 4.980532 -16.217531
1.460969 4.990547 -16.230295
1.493999 5.000346 -16.241903
1.524625 5.010228 -16.252845
1.557921 5.021922 -16.264740
1.587708 5.032252 -16.274128
1.614459 5.041428 -16.281312
1.665084 5.062261 -16.296665
1.690226 5.074521 -16.305739
1.712955 5.085890 -16.313533
1.761576 5.111296 -16.329493
1.799228 5.131967 -16.343396
1.831234 5.149448 -16.355521
1.878294 5.174525 -16.372463
1.891032 5.181160 -16.377034
1.915198 5.193399 -16.385840
1.939423 5.204971 -16.394881
1.997418 5.228738 -16.417045
2.009629 5.232959 -16.421660
2.033178 5.240457 -16.430510
2.070956 5.251295 -16.445040
2.136112 5.268296 -16.472148
2.189853 5.281915 -16.494361
2.253277 5.299470 -16.519647
2.295414 5.313129 -16.536666
2.334770 5.327655 -16.552342
2.396253 5.352537 -16.574209
2.430039 5.368486 -16.586199
2.466543 5.388506 -16.600495
2.513450 5.415382 -16.617937
2.553184 5.436811 -16.629782
2.587937 5.455078 -16.638716
2.651660 5.488871 -16.654615
2.697068 5.510932 -16.664485
2.744034 5.530654 -16.673192
2.831786 5.559213 -16.687431
2.872711 5.569587 -16.692864
2.921869 5.580647 -16.698633
2.961924 5.589326 -16.702887
3.000826 5.597882 -16.706441
3.053543 5.610121 -16.710230
3.092149 5.619560 -16.711586
3.134600 5.632787 -16.713742
3.184658 5.655774 -16.718985
3.220391 5.676155 -16.721598
3.240844 5.688398 -16.722249
3.276555 5.709922 -16.723117
3.303409 5.726355 -16.724419
3.310447 5.730689 -16.724862
3.360029 5.760687 -16.727823
3.395950 5.781141 -16.729614
3.430617 5.800321 -16.732161
3.476807 5.824908 -16.736404
3.513650 5.843098 -16.739744
3.548785 5.859076 -16.743162
3.598637 5.879662 -16.749189
3.640623 5.895358 -16.755281
3.675535 5.907236 -16.760414
3.716276 5.920027 -16.765532
3.758523 5.933056 -16.770171
3.793672 5.944693 -16.774509
3.847378 5.964521 -16.782494
3.885257 5.979777 -16.788176
3.953571 6.008481 -16.794000
3.972440 6.016848 -16.794995
4.008500 6.034422 -16.798289
4.074891 6.068866 -16.803932
4.112281 6.087880 -16.803147
4.136377 6.100347 -16.802362
4.161221 6.113663 -16.802276
4.199197 6.133964 -16.803049
4.286839 6.173451 -16.801590
4.358287 6.199192 -16.799857
4.448178 6.225618 -16.794827
4.534337 6.251761 -16.788259
4.573804 6.265345 -16.784239
4.609411 6.278055 -16.779420
4.659436 6.299286 -16.772143
4.697334 6.320463 -16.767261
4.726373 6.339274 -16.762494
4.770462 6.369249 -16.754682
4.801443 6.391042 -16.750533
4.825457 6.408465 -16.747521
4.868053 6.438729 -16.740486
4.898804 6.459065 -16.734812
4.921268 6.473137 -16.731251
4.964987 6.498377 -16.724674
4.995994 6.513804 -16.719236
5.020953 6.524712 -16.714428
5.061931 6.540701 -16.706396
5.100136 6.554258 -16.698778
5.131985 6.565209 -16.692627
5.163026 6.576105 -16.686938
5.202184 6.590884 -16.679904
5.232815 6.604044 -16.674184
5.275775 6.625318 -16.664463
5.308778 6.644506 -16.656007
5.339839 6.665140 -16.648360
5.378921 6.694776 -16.640290
5.410271 6.718298 -16.632165
5.443682 6.742488 -16.620440
5.482471 6.769525 -16.604560
5.492761 6.776494 -16.600143
5.513441 6.790178 -16.591094
5.536181 6.804749 -16.580848
5.574762 6.828245 -16.562163
5.603616 6.844484 -16.546953
5.624471 6.855695 -16.536125
5.656039 6.872120 -16.520074
5.680936 6.884410 -16.506257
5.709605 6.897928 -16.488792
5.747597 6.915256 -16.464494
5.772868 6.926686 -16.447890
5.799619 6.939365 -16.429893
5.835259 6.958042 -16.406127
5.854467 6.968848 -16.392969
5.881383 6.985962 -16.373810
5.906399 7.005247 -16.355417
5.925796 7.021532 -16.340626
5.942011 7.035591 -16.328461
5.977845 7.068551 -16.304568
6.004171 7.093661 -16.287759
6.019870 7.108426 -16.277573
6.041121 7.127588 -16.264175
6.082910 7.160171 -16.239396
6.112327 7.178892 -16.222500
6.135354 7.191771 -16.209446
6.161274 7.205248 -16.195219
6.190362 7.219577 -16.179884
6.217465 7.232619 -16.166401
6.245356 7.246194 -16.153587
6.284898 7.266692 -16.135461
6.322668 7.288822 -16.117199
6.344291 7.302717 -16.106562
6.361990 7.314992 -16.097997
6.368493 7.319694 -16.094924
6.386931 7.333626 -16.086457
6.401474 7.345275 -16.079989
6.406892 7.349728 -16.077559
6.440813 7.378306 -16.060725
6.484543 7.416937 -16.034243
6.517631 7.448103 -16.011430
6.539274 7.468919 -15.994997
6.562613 7.491085 -15.976516
6.590890 7.516831 -15.952951
6.607113 7.530504 -15.938641
6.625975 7.545015 -15.921084
6.650943 7.562313 -15.896441
6.667452 7.573151 -15.879733
6.681019 7.581848 -15.865600
6.707685 7.598561 -15.836338
6.728010 7.611363 -15.812702
6.746945 7.623567 -15.789671
6.775492 7.642539 -15.754244
6.795264 7.656481 -15.728991
6.810515 7.669115 -15.709673
6.831901 7.691440 -15.682967
6.848062 7.711839 -15.661942
6.863547 7.733456 -15.640955
6.872077 7.745859 -15.629381
6.882464 7.760932 -15.615461
6.899157 7.784393 -15.593457
6.911310 7.801100 -15.577650
6.917998 7.810243 -15.568978
6.930029 7.826709 -15.553290
6.942356 7.843753 -15.537066
6.958411 7.866112 -15.516168
6.975473 7.889331 -15.494524
6.989208 7.907030 -15.477303
7.004810 7.925793 -15.457859
7.022684 7.945179 -15.436461
7.047157 7.967713 -15.408304
7.061441 7.979097 -15.392151
7.080022 7.992506 -15.371632
7.107320 8.009908 -15.341801
7.123270 8.019265 -15.324357
7.142556 8.030355 -15.303003
7.170736 8.047176 -15.272360
7.190397 8.059819 -15.251894
7.211897 8.074487 -15.228036
7.237304 8.094498 -15.197018
7.252385 8.108271 -15.178283
7.269574 8.125245 -15.157042
7.294369 8.151805 -15.122446
7.311431 8.172238 -15.095149
7.327282 8.193203 -15.068192
7.346317 8.219935 -15.033907
7.361560 8.241617 -15.004840
7.374284 8.259392 -14.979456
7.392680 8.282666 -14.941960
7.407619 8.298589 -14.912287
7.420833 8.311089 -14.886274
7.429948 8.319180 -14.867631
7.439247 8.327078 -14.847961
7.447623 8.333845 -14.829887
7.457038 8.341026 -14.809332
7.476395 8.355076 -14.766951
7.489343 8.365132 -14.738438
7.512515 8.384116 -14.683564
7.536192 8.412180 -14.632452
7.554766 8.446273 -14.581911
7.571444 8.482227 -14.533203
7.588925 8.520438 -14.483339
7.598959 8.542851 -14.452964
7.612870 8.571526 -14.413461
7.624159 8.591311 -14.384238
7.636202 8.609180 -14.353274
7.651696 8.627445 -14.314232
7.670490 8.644873 -14.272519
7.690448 8.661758 -14.232600
7.710387 8.679926 -14.192085
7.722780 8.693623 -14.164747
7.734053 8.708804 -14.133815
7.759628 8.764066 -14.041963
7.769442 8.799153 -13.985197
7.775485 8.827454 -13.938290
7.778900 8.848289 -13.904055
7.782042 8.869861 -13.869588
7.786191 8.897488 -13.822872
7.789785 8.915524 -13.787901
7.793325 8.931656 -13.750488
7.796924 8.948786 -13.702330
7.799191 8.960012 -13.666255
7.800483 8.967582 -13.640008
7.801150 8.974208 -13.616174
7.801168 8.981127 -13.590984
7.800363 8.992183 -13.551404
7.799718 9.003493 -13.513832
7.798502 9.021334 -13.461685
7.797906 9.026051 -13.448169
7.793719 9.045377 -13.388537
7.792116 9.061960 -13.347587
7.791738 9.082384 -13.307745
7.788831 9.112445 -13.250797
7.785290 9.131973 -13.213432
7.780463 9.155562 -13.169041
7.773709 9.186021 -13.114210
7.767523 9.209737 -13.072394
7.760889 9.231920 -13.032057
7.757077 9.244684 -13.007753
7.751606 9.265297 -12.967607
7.746829 9.287034 -12.924407
7.743074 9.303472 -12.888814
7.741086 9.311423 -12.870073
7.740246 9.314734 -12.862010
7.738501 9.321757 -12.844536
7.735174 9.337443 -12.804471
7.733542 9.346492 -12.780434
7.731659 9.356609 -12.751965
7.728405 9.370131 -12.712030
7.712961 9.410391 -12.601069
7.706517 9.429763 -12.556741
7.700154 9.451197 -12.513963
7.693602 9.470459 -12.478819
7.686085 9.491549 -12.443309
7.676874 9.517389 -12.401638
7.671128 9.532567 -12.377600
7.654605 9.569957 -12.319162
7.643585 9.591205 -12.286037
7.629061 9.617223 -12.244890
7.611757 9.648406 -12.195019
7.601605 9.666415 -12.164974
7.588417 9.687585 -12.126694
7.577177 9.702948 -12.095862
7.562104 9.720799 -12.056734
7.547722 9.736392 -12.020235
7.530563 9.753443 -11.978227
7.512547 9.769157 -11.937234
7.487692 9.789102 -11.883259
7.471727 9.802170 -11.848349
7.455362 9.816395 -11.811984
7.429587 9.839441 -11.754298
7.409146 9.856612 -11.710096
7.387293 9.877474 -11.664356
7.359705 9.907424 -11.609086
7.343837 9.924089 -11.578390
7.321684 9.947529 -11.535320
7.292988 9.981145 -11.476647
7.271511 10.006754 -11.432806
7.256012 10.024561 -11.402224
7.225789 10.057430 -11.344351
7.204185 10.079920 -11.302356
7.181269 10.102181 -11.256919
7.150783 10.127721 -11.197426
7.126979 10.145514 -11.150680
7.104386 10.162727 -11.103954
7.081671 10.180462 -11.055944
7.062097 10.195517 -11.015338
7.033352 10.218039 -10.956786
7.010729 10.236229 -10.911624
6.979407 10.260753 -10.851916
6.951973 10.283492 -10.801509
6.928489 10.303515 -10.760332
6.892395 10.336326 -10.697979
6.866673 10.360644 -10.654023
6.845102 10.379702 -10.619057
6.807068 10.410489 -10.561529
6.773285 10.437050 -10.512478
6.743237 10.459992 -10.469734
6.723255 10.474530 -10.441639
6.693722 10.495059 -10.399845
6.649500 10.523679 -10.335526
6.618271 10.541807 -10.290080
6.585322 10.559340 -10.242626
6.540639 10.581142 -10.178872
6.471459 10.610398 -10.083880
6.345979 10.662973 -9.916305
6.251279 10.713920 -9.794007
6.184526 10.757298 -9.710004
6.119584 10.800609 -9.629181
6.029237 10.859350 -9.516991
5.956292 10.903949 -9.426957
5.909358 10.931526 -9.368361
5.870129 10.952924 -9.319435
5.817405 10.979003 -9.253488
5.766821 11.003278 -9.189123
5.700119 11.034322 -9.104991
5.659018 11.053312 -9.053345
5.621440 11.071892 -9.005155
5.567669 11.098965 -8.936243
5.529209 11.117588 -8.888569
5.485721 11.138875 -8.835880
5.431011 11.167826 -8.770046
5.399697 11.185136 -8.732955
5.355242 11.209102 -8.682532
5.296628 11.240072 -8.619964
5.281232 11.248430 -8.603783
5.232981 11.275627 -8.552555
5.188215 11.300692 -8.504769
5.142655 11.324220 -8.456791
5.094829 11.346740 -8.407023
5.051487 11.365787 -8.361908
5.004934 11.385043 -8.313404
4.943498 11.408395 -8.250054
4.893359 11.425688 -8.199538
4.844708 11.442156 -8.151045
4.797811 11.458235 -8.104460
4.731177 11.481388 -8.037881
4.683689 11.498309 -7.990173
4.634367 11.516719 -7.940385
4.579320 11.536450 -7.886269
4.532189 11.555798 -7.839835
4.476936 11.580301 -7.785588
4.428773 11.600162 -7.740838
4.373182 11.622828 -7.692005
4.318612 11.647318 -7.644083
4.227704 11.692235 -7.563599
4.209734 11.701121 -7.547971
4.175500 11.717847 -7.518484
4.150282 11.729966 -7.496933
4.139501 11.735088 -7.487711
4.068277 11.767943 -7.425749
3.997481 11.797887 -7.362296
3.944022 11.818439 -7.314084
3.906783 11.832299 -7.280100
3.836946 11.858120 -7.214117
3.786732 11.876498 -7.165105
3.752298 11.889307 -7.131044
3.679873 11.917296 -7.059160
3.629872 11.936394 -7.010398
3.586540 11.953563 -6.968112
3.518535 11.981864 -6.902597
3.499505 11.989777 -6.885087
3.457016 12.007749 -6.847428
3.423983 12.022252 -6.819159
3.404500 12.030971 -6.802719
3.383002 12.040664 -6.784679
3.345651 12.057545 -6.753537
3.321839 12.068250 -6.733863
3.283667 12.085171 -6.702737
3.242839 12.102836 -6.670097
3.234605 12.106348 -6.663589
3.197435 12.122098 -6.634474
3.182959 12.128212 -6.623239
3.141627 12.145654 -6.591400
3.098080 12.163712 -6.558238
3.056372 12.180480 -6.526658
3.012279 12.197476 -6.493341
2.950780 12.219745 -6.447224
2.884261 12.241951 -6.397882
2.816907 12.262783 -6.348308
2.755434 12.280687 -6.303283
2.686864 12.299779 -6.253317
2.608333 12.320616 -6.197336
2.551109 12.335243 -6.158012
2.500260 12.348259 -6.123743
2.438087 12.364951 -6.081564
2.389828 12.378539 -6.048480
2.364562 12.385905 -6.031066
2.320586 12.398969 -6.000854
2.275134 12.412015 -5.970293
2.204456 12.432948 -5.923828
2.121726 12.461884 -5.870293
2.060103 12.484667 -5.831891
1.964277 12.518743 -5.775144
1.911092 12.538816 -5.743308
1.795495 12.585183 -5.672036
1.678474 12.629878 -5.600294
1.628125 12.648224 -5.569031
1.534677 12.680645 -5.509895
1.460122 12.704457 -5.462089
1.389560 12.725007 -5.416814
1.291869 12.751715 -5.353071
1.214069 12.772643 -5.301019
1.145619 12.790767 -5.254493
1.067121 12.812038 -5.200796
0.970771 12.839631 -5.135585
0.922400 12.853456 -5.103585
0.896682 12.860931 -5.086695
0.848009 12.875923 -5.054567
0.766287 12.903451 -5.000431
0.667764 12.938092 -4.937475
0.616581 12.957156 -4.905745
0.588658 12.967764 -4.888588
0.560684 12.978307 -4.871537
0.481035 13.007293 -4.823905
0.381233 13.041148 -4.766287
0.344021 13.053340 -4.745276
0.268840 13.077450 -4.703896
0.211858 13.095353 -4.673444
0.129707 13.120651 -4.630513
0.104907 13.128154 -4.617724
0.055086 13.142997 -4.592235
0.013320 13.155167 -4.571109
0.004938 13.157577 -4.566898
-0.034310 13.168713 -4.547307
-0.062458 13.176559 -4.533350
-0.104779 13.188175 -4.512372
-0.147218 13.199589 -4.491277
-0.206950 13.215176 -4.461592
-0.229837 13.220984 -4.450263
-0.284537 13.234494 -4.423448
-0.342661 13.248291 -4.395404
-0.377757 13.256390 -4.378629
-0.436416 13.269711 -4.350637
-0.492259 13.282261 -4.323939
-0.515832 13.287518 -4.312689
-0.584002 13.302499 -4.280498
-0.670889 13.321297 -4.240456
-0.737299 13.335890 -4.210362
-0.854159 13.362090 -4.158483
-1.005938 13.399885 -4.092080
-1.132258 13.435230 -4.038394
-1.343892 13.501513 -3.946225
-1.431246 13.529622 -3.906767
-1.551791 13.567972 -3.852671
-1.644435 13.597325 -3.809941
-1.763752 13.633946 -3.753092
-1.826570 13.652279 -3.722689
-1.895631 13.671491 -3.689004
-1.970818 13.691347 -3.651907
-2.009962 13.701231 -3.632382
-2.064210 13.714429 -3.605087
-2.091337 13.720830 -3.591336
-2.151563 13.734647 -3.560550
-2.208666 13.747356 -3.530997
-2.244679 13.755219 -3.512154
-2.271691 13.761040 -3.497919
-2.331757 13.773772 -3.465915
-2.403887 13.788800 -3.426731
-2.424956 13.793150 -3.415160
-2.485209 13.805598 -3.381885
-2.551423 13.819552 -3.345176
-2.638576 13.838954 -3.297027
-2.699582 13.852887 -3.263864
-2.758304 13.866512 -3.232575
-2.814134 13.880155 -3.203231
-2.860891 13.892053 -3.179065
-2.958031 13.918280 -3.130148
-3.055032 13.947013 -3.082535
-3.108300 13.963647 -3.056750
-3.194012 13.990188 -3.015790
-3.245490 14.005793 -2.991753
-3.336039 14.032947 -2.950490
-3.423207 14.059073 -2.911303
-3.490768 14.079332 -2.880888
-3.552033 14.097359 -2.853343
-3.581180 14.105721 -2.840299
-3.613688 14.114848 -2.825814
-3.659432 14.127320 -2.805547
-3.715325 14.141985 -2.780966
-3.748324 14.150393 -2.766538
-3.811167 14.166007 -2.739197
-3.844329 14.174037 -2.724846
-3.887591 14.184265 -2.706260
-3.994728 14.208532 -2.660859
-4.082657 14.227276 -2.624388
-4.181581 14.247332 -2.584054
-4.287758 14.268375 -2.541203
-4.322110 14.275123 -2.527402
-4.394471 14.289295 -2.498431
-4.502051 14.310326 -2.455626
-4.667827 14.343110 -2.390486
-4.846036 14.381441 -2.319168
-4.882492 14.389221 -2.304778
-4.919285 14.397009 -2.290473
-4.959820 14.405735 -2.274785
-5.025458 14.420740 -2.249178
-5.143422 14.450648 -2.202489
-5.244131 14.476771 -2.163328
-5.357471 14.505525 -2.120744
-5.462881 14.532821 -2.080360
-5.592214 14.567156 -2.029677
-5.678296 14.589714 -1.996336
-5.785742 14.617282 -1.955270
-5.928176 14.652878 -1.900177
-6.006652 14.671534 -1.869528
-6.117867 14.696444 -1.825831
-6.258441 14.725656 -1.769419
-6.359323 14.745509 -1.727783
-6.434905 14.760019 -1.696085
-6.553795 14.782567 -1.645770
-6.690788 14.809028 -1.587258
-6.795128 14.830397 -1.542014
-6.978713 14.869213 -1.464812
-7.163991 14.912016 -1.388228
-7.311631 14.949653 -1.328203
-7.419821 14.977563 -1.286123
-7.536631 15.007532 -1.241532
-7.722087 15.055196 -1.172423
-7.914797 15.104651 -1.101906
-8.258765 15.183076 -0.978225
-8.487344 15.228091 -0.898876
-8.681449 15.264257 -0.833266
-8.763252 15.278937 -0.806443
-8.876361 15.298946 -0.769656
-9.271508 15.369037 -0.641834
-9.484489 15.405574 -0.578385
-9.777460 15.468715 -0.486260
-9.975001 15.512800 -0.428323
-10.183230 15.562427 -0.363821
-10.302170 15.590434 -0.328017
-10.392651 15.611247 -0.301456
-10.585747 15.654620 -0.244409
-10.799941 15.699891 -0.179906
-10.878893 15.715270 -0.156417
-11.087702 15.753688 -0.093392
-11.424477 15.812448 0.011455
-11.847365 15.889417 0.144441
-12.250735 15.973056 0.267269
-12.363526 15.998151 0.299998
-12.593663 16.049748 0.364776
-12.891371 16.115395 0.442898
-13.159899 16.173370 0.511601
-13.470595 16.233910 0.589442
-13.781613 16.284624 0.666064
-14.201529 16.344597 0.764938
-15.128852 16.497933 0.972065
