-0.000007 -0.000002 -0.000008
-0.000896 0.001103 -0.001083
-0.001906 0.002076 -0.002553
-0.002368 0.002599 -0.003080
-0.004528 0.004243 -0.005510
-0.007524 0.004780 -0.008899
-0.008626 0.004892 -0.009865
-0.011624 0.004982 -0.012433
-0.017305 0.005337 -0.015580
-0.026983 0.006656 -0.018462
-0.041643 0.008040 -0.022667
-0.057207 0.009631 -0.026768
-0.073579 0.011634 -0.030089
-0.085732 0.013154 -0.031852
-0.101878 0.014718 -0.034375
-0.117903 0.015596 -0.037514
-0.144100 0.015674 -0.044886
-0.158001 0.015646 -0.050638
-0.167497 0.015869 -0.054903
-0.181553 0.016290 -0.062062
-0.192855 0.016599 -0.068222
-0.203815 0.017124 -0.074027
-0.219708 0.017964 -0.082565
-0.232192 0.018258 -0.090211
-0.243566 0.018332 -0.097660
-0.257903 0.018681 -0.106602
-0.268634 0.019175 -0.112890
-0.280264 0.019604 -0.119832
-0.292438 0.019801 -0.127484
-0.302608 0.019970 -0.133955
-0.315498 0.020414 -0.141987
-0.336044 0.021757 -0.154325
-0.351787 0.023086 -0.164527
-0.385054 0.026599 -0.188372
-0.392503 0.027953 -0.193044
-0.401693 0.029930 -0.198333
-0.421461 0.034634 -0.209675
-0.430358 0.036918 -0.214862
-0.435861 0.038417 -0.218001
-0.441342 0.039949 -0.221058
-0.452449 0.043005 -0.227001
-0.476626 0.049100 -0.238464
-0.501278 0.054342 -0.249664
-0.518779 0.057921 -0.256936
-0.552202 0.064824 -0.268370
-0.583718 0.070133 -0.278813
-0.607549 0.073576 -0.285636
-0.633776 0.076534 -0.292371
-0.668919 0.078437 -0.301410
-0.692347 0.078531 -0.307420
-0.725247 0.078239 -0.314166
-0.743085 0.078036 -0.317100
-0.761508 0.077797 -0.319954
-0.794235 0.077514 -0.324564
-0.814545 0.077839 -0.326959
-0.843095 0.079377 -0.329598
-0.883809 0.082253 -0.333679
-0.920256 0.085107 -0.339426
-0.950241 0.089015 -0.344365
-0.972943 0.093231 -0.347524
-0.995967 0.098479 -0.350035
-1.028166 0.106955 -0.352054
-1.045471 0.111162 -0.354083
-1.065829 0.115801 -0.357566
-1.095623 0.122611 -0.363062
-1.120066 0.128152 -0.367624
-1.142280 0.132728 -0.372349
-1.171464 0.137898 -0.379615
-1.230153 0.144756 -0.397218
-1.252987 0.146538 -0.405000
-1.265740 0.147318 -0.409686
-1.274217 0.147807 -0.412876
-1.280565 0.148182 -0.415270
-1.293973 0.149021 -0.420282
-1.337303 0.151724 -0.437147
-1.385098 0.155270 -0.459544
-1.400320 0.157437 -0.466261
-1.425034 0.161332 -0.478475
-1.443657 0.165415 -0.487493
-1.461781 0.170943 -0.495495
-1.487114 0.181386 -0.505300
-1.505228 0.189463 -0.512561
-1.525656 0.198487 -0.520142
-1.549365 0.208283 -0.527751
-1.566304 0.214797 -0.532680
-1.587055 0.222596 -0.537662
-1.617737 0.232936 -0.543437
-1.638589 0.238377 -0.547621
-1.653459 0.241547 -0.550734
-1.675820 0.245466 -0.554947
-1.699341 0.248683 -0.558585
-1.730083 0.251647 -0.562312
-1.746958 0.252799 -0.563962
-1.789215 0.254542 -0.567139
-1.831425 0.255429 -0.569274
-1.869261 0.257774 -0.567491
-1.912977 0.260745 -0.566619
-1.940918 0.263839 -0.566519
-2.021319 0.282312 -0.562436
-2.046373 0.290036 -0.560772
-2.068017 0.296816 -0.559607
-2.104930 0.308833 -0.557067
-2.145344 0.321750 -0.553591
-2.154183 0.324253 -0.552943
-2.160248 0.325876 -0.552510
-2.191590 0.332703 -0.550467
-2.220034 0.336659 -0.548589
-2.271810 0.340626 -0.544220
-2.296056 0.341453 -0.542434
-2.312290 0.342070 -0.541301
-2.335285 0.344120 -0.539232
-2.354222 0.347697 -0.536680
-2.375463 0.353494 -0.533140
-2.390160 0.357654 -0.531895
-2.407205 0.363141 -0.530407
-2.424217 0.369579 -0.528093
-2.434995 0.374373 -0.525780
-2.447587 0.380334 -0.522759
-2.462510 0.387728 -0.518601
-2.474995 0.394125 -0.514317
-2.491021 0.402281 -0.508311
-2.509713 0.411200 -0.501237
-2.533661 0.420887 -0.492185
-2.547086 0.425314 -0.486942
-2.573560 0.431690 -0.477015
-2.592558 0.434606 -0.470195
-2.614240 0.436662 -0.462445
-2.641904 0.438501 -0.451849
-2.662484 0.440038 -0.443553
-2.685428 0.441758 -0.434613
-2.708792 0.443725 -0.425328
-2.734345 0.446781 -0.413724
-2.756984 0.449997 -0.402742
-2.785402 0.453865 -0.390589
-2.806052 0.457492 -0.381891
-2.832791 0.463950 -0.369550
-2.862233 0.473773 -0.353723
-2.896407 0.487585 -0.332839
-2.931453 0.501964 -0.311244
-2.954030 0.511439 -0.296164
-2.964977 0.515826 -0.288888
-2.982256 0.522295 -0.277398
-3.011251 0.531541 -0.256884
-3.035804 0.537042 -0.238335
-3.056908 0.539981 -0.222547
-3.078719 0.541636 -0.205601
-3.088869 0.542271 -0.197565
-3.107370 0.543589 -0.183066
-3.119098 0.545035 -0.173532
-3.132844 0.548241 -0.160929
-3.149092 0.553470 -0.145106
-3.159311 0.557104 -0.136470
-3.171818 0.563495 -0.125123
-3.189460 0.574888 -0.106449
-3.192565 0.577039 -0.103045
-3.200290 0.582566 -0.094461
-3.208032 0.588261 -0.085731
-3.219926 0.597220 -0.072010
-3.231244 0.606040 -0.057945
-3.246086 0.617795 -0.036798
-3.257216 0.626169 -0.019269
-3.268300 0.633505 -0.001932
-3.284297 0.641881 0.022270
-3.296652 0.646507 0.040688
-3.309356 0.650092 0.059275
-3.326251 0.653879 0.082533
-3.340827 0.656722 0.101762
-3.355468 0.659600 0.120505
-3.374995 0.663907 0.145258
-3.390979 0.667919 0.165588
-3.406190 0.672441 0.185720
-3.426698 0.679280 0.214089
-3.443570 0.685585 0.237365
-3.458648 0.692098 0.258532
-3.477814 0.701424 0.286535
-3.502569 0.715318 0.327932
-3.510408 0.719745 0.342796
-3.518142 0.724079 0.358384
-3.521557 0.725988 0.365449
-3.529713 0.730526 0.382277
-3.569852 0.750072 0.466630
-3.594464 0.757035 0.523594
-3.604565 0.758725 0.546434
-3.625659 0.760801 0.596481
-3.641547 0.761888 0.636182
-3.654408 0.762811 0.666604
-3.669208 0.764336 0.701155
-3.681116 0.766434 0.730553
-3.696092 0.769883 0.769691
-3.699546 0.770771 0.778862
-3.703438 0.771977 0.788934
-3.711481 0.775176 0.808613
-3.720486 0.779907 0.829803
-3.723646 0.781825 0.837314
-3.733118 0.788177 0.860647
-3.763597 0.813751 0.950512
-3.801219 0.842280 1.057146
-3.831285 0.858761 1.140484
-3.855660 0.867980 1.205133
-3.865108 0.870768 1.230096
-3.874439 0.873275 1.254050
-3.889502 0.876856 1.290984
-3.911690 0.881466 1.343308
-3.950146 0.890254 1.434920
-3.955769 0.891753 1.448415
-3.966569 0.894797 1.474221
-3.977708 0.897970 1.501145
-4.006072 0.907845 1.572553
-4.033655 0.920647 1.643846
-4.062473 0.936839 1.720716
-4.090333 0.954031 1.810963
-4.114127 0.968660 1.892685
-4.135443 0.979525 1.966710
-4.149041 0.984834 2.015231
-4.169601 0.990247 2.091907
-4.188562 0.993060 2.166490
-4.208923 0.995254 2.247877
-4.230072 0.996722 2.337127
-4.245854 0.998882 2.403769
-4.263698 1.003668 2.480739
-4.274827 1.007323 2.532818
-4.303249 1.020671 2.665802
-4.346272 1.048284 2.859313
-4.370325 1.064740 2.958028
-4.384860 1.074190 3.018039
-4.402547 1.084711 3.087025
-4.426646 1.096989 3.173602
-4.456184 1.108583 3.276747
-4.501497 1.121247 3.429657
-4.542938 1.129478 3.559474
-4.557787 1.131910 3.605306
-4.573096 1.134334 3.651674
-4.593726 1.137601 3.712107
-4.626791 1.142611 3.809989
-4.655632 1.148512 3.897986
-4.707824 1.168132 4.058757
-4.748104 1.187207 4.204330
-4.780045 1.203229 4.321931
-4.812326 1.219518 4.450252
-4.838133 1.231310 4.554788
-4.861818 1.239923 4.657354
-4.883149 1.245562 4.753469
-4.895283 1.248105 4.808523
-4.919693 1.252294 4.922747
-4.929515 1.253713 4.971295
-4.945269 1.256005 5.050459
-4.966988 1.259375 5.161275
-4.984246 1.261824 5.253636
-4.995378 1.263471 5.312846
-5.016832 1.267253 5.421010
-5.029908 1.269556 5.489306
-5.039630 1.271206 5.545888
-5.041501 1.271542 5.557200
-5.050858 1.273402 5.613886
-5.060958 1.276008 5.671371
-5.067150 1.277934 5.703544
-5.079934 1.282386 5.765896
-5.091036 1.286559 5.819941
-5.104747 1.292149 5.889356
-5.116046 1.297187 5.946833
-5.122186 1.300066 5.977061
-5.135071 1.306310 6.037466
-5.148620 1.313000 6.098028
-5.177532 1.327017 6.224180
-5.184623 1.330302 6.255409
-5.198131 1.336298 6.314993
-5.208882 1.340784 6.362069
-5.213207 1.342513 6.380881
-5.229214 1.348520 6.449722
-5.241708 1.352724 6.502748
-5.262382 1.358613 6.589694
-5.286159 1.363720 6.688589
-5.307283 1.366942 6.775178
-5.323093 1.368895 6.837309
-5.366226 1.373295 6.995883
-5.384318 1.374771 7.060842
-5.408916 1.376889 7.147704
-5.467000 1.384302 7.345930
-5.510712 1.393819 7.495488
-5.529403 1.399143 7.560199
-5.549678 1.405668 7.632661
-5.580138 1.416746 7.744205
-5.605333 1.426519 7.837239
-5.630654 1.436333 7.934762
-5.665096 1.449089 8.076156
-5.683431 1.455562 8.151285
-5.710920 1.464671 8.262797
-5.745576 1.474655 8.407477
-5.765529 1.479322 8.495090
-5.785798 1.483143 8.587186
-5.827923 1.489148 8.780969
-5.843185 1.490761 8.852500
-5.859969 1.492176 8.932039
-5.865539 1.492566 8.958658
-5.881377 1.493482 9.034950
-5.944522 1.496921 9.341910
-5.986033 1.501463 9.539635
-6.022092 1.506072 9.731432
-6.062882 1.516935 9.928649
-6.103030 1.530591 10.094098
-6.148552 1.546520 10.299554
-6.216008 1.570440 10.591590
-6.243536 1.579411 10.707821
-6.297994 1.595348 10.925407
-6.318595 1.600487 11.005273
-6.340182 1.605122 11.089566
-6.351969 1.607298 11.136021
-6.371282 1.610354 11.212103
-6.461307 1.618596 11.550261
-6.569458 1.621164 11.937244
-6.628375 1.622789 12.137968
-6.695737 1.626452 12.357484
-6.743722 1.629631 12.519594
-6.770488 1.632235 12.609810
-6.808914 1.637540 12.735665
-6.864615 1.647736 12.912012
-6.893877 1.653434 13.005996
-6.934913 1.661121 13.142099
-6.990285 1.671436 13.326120
-7.035710 1.680073 13.474697
-7.077211 1.687556 13.610286
-7.104298 1.691950 13.699563
-7.145528 1.697711 13.836436
-7.202298 1.703594 14.026572
-7.247161 1.706255 14.180054
-7.261116 1.706754 14.228264
-7.279300 1.707226 14.291101
-7.314573 1.707747 14.412351
-7.373216 1.707756 14.612137
-7.403318 1.707231 14.715307
-7.449395 1.705794 14.874038
-7.546905 1.702595 15.205491
-7.668167 1.701080 15.629817
-7.743531 1.708292 15.873018
-7.793997 1.715297 16.030337
-7.814145 1.718293 16.093650
-7.861465 1.725822 16.241659
-7.880379 1.729057 16.299751
-7.916915 1.735538 16.410497
-8.001977 1.750522 16.663818
-8.095920 1.764342 16.939298
-8.183237 1.773349 17.194237
-8.274748 1.778951 17.460574
-8.311965 1.780626 17.566944
-8.372595 1.782869 17.737131
-8.429862 1.784249 17.896634
-8.464287 1.784817 17.992279
-8.471988 1.784941 18.013543
-8.509076 1.785591 18.114748
-8.547167 1.786390 18.216339
-8.565568 1.786820 18.264575
-8.604711 1.787717 18.366542
-8.637274 1.788252 18.452603
-8.645309 1.788358 18.474154
-8.671293 1.788765 18.544290
-8.707491 1.789829 18.641446
-8.725777 1.790636 18.689978
-8.810200 1.796041 18.911424
-8.876275 1.800885 19.087229
-8.915804 1.803849 19.193145
-8.932598 1.805167 19.237969
-8.983415 1.809408 19.373012
-9.026151 1.813269 19.485967
-9.088684 1.819209 19.650730
-9.132289 1.823394 19.765374
-9.206838 1.830269 19.961667
-9.217822 1.831243 19.990626
-9.261735 1.834976 20.106646
-9.322965 1.839506 20.269592
-9.368755 1.842251 20.392220
-9.410160 1.844205 20.503572
-9.436325 1.845175 20.574156
-9.480021 1.846369 20.692216
-9.526030 1.847104 20.816589
-9.541395 1.847241 20.858125
-9.585300 1.847290 20.977136
-9.655463 1.846210 21.168928
-9.743360 1.843473 21.410814
-9.805482 1.841358 21.581179
-9.876881 1.838908 21.777043
-9.971370 1.836285 22.035739
-10.031079 1.835689 22.196670
-10.134881 1.834942 22.483834
-10.189106 1.835975 22.633824
-10.212546 1.837096 22.695948
-10.260082 1.839819 22.820136
-10.290859 1.841543 22.901324
-10.475823 1.852493 23.399347
-10.549804 1.859622 23.591248
-10.657070 1.870614 23.867852
-10.781160 1.881512 24.185367
-10.901379 1.888509 24.489964
-11.005465 1.890927 24.755684
-11.084434 1.891346 24.956313
-11.207430 1.890589 25.266961
-11.342193 1.889290 25.605877
-11.443941 1.890138 25.854321
-11.502837 1.890802 25.999055
-11.577442 1.891658 26.184825
-11.612693 1.892614 26.271097
-11.664845 1.894611 26.397128
-11.722681 1.897177 26.536993
-11.769712 1.899593 26.650625
-11.786409 1.900561 26.690742
-11.890472 1.907631 26.937864
-11.966779 1.912893 27.118747
-12.057541 1.918375 27.335018
-12.155206 1.924099 27.566851
-12.289990 1.932836 27.882434
-12.372390 1.937818 28.075636
-12.466551 1.942474 28.297389
-12.578856 1.946537 28.561272
-12.646922 1.947936 28.721470
-12.726780 1.948416 28.910139
-12.881723 1.946296 29.275326
-13.002554 1.942093 29.558854
-13.151717 1.935413 29.909006
-13.241247 1.931988 30.117472
-13.324808 1.929261 30.312477
-13.434801 1.926508 30.573699
-13.500269 1.926974 30.725394
-13.584854 1.930022 30.912732
-13.658154 1.933518 31.071920
-13.728597 1.937043 31.224965
-13.826856 1.942705 31.437091
-13.922426 1.949130 31.641868
-14.063920 1.958967 31.942994
-14.102313 1.961517 32.024183
-14.246686 1.970254 32.327778
-14.346419 1.975384 32.535434
-14.457510 1.979538 32.765767
-14.558216 1.981616 32.974229
-14.630637 1.982366 33.123095
-14.703354 1.982404 33.272048
-14.823699 1.980845 33.518065
-14.959241 1.977299 33.793802
-15.036585 1.974657 33.950319
-15.181666 1.969310 34.241111
-15.261078 1.966591 34.397922
-15.371179 1.962839 34.615291
-15.534221 1.959204 34.938847
-15.545687 1.959152 34.961415
-15.599491 1.959235 35.066907
-15.720124 1.960864 35.302231
-15.802663 1.962753 35.463073
-15.873975 1.964938 35.601407
-15.889886 1.965495 35.632163
-16.041660 1.971429 35.924848
-16.085658 1.973095 36.010066
-16.282262 1.979137 36.393981
-16.367705 1.981624 36.559715
-16.441466 1.983792 36.702015
-16.478414 1.984816 36.773299
-16.613990 1.987818 37.035806
-16.774413 1.988978 37.349067
-16.865173 1.988369 37.527237
-17.034354 1.985670 37.860950
-17.154122 1.982931 38.098216
-17.357850 1.976591 38.503140
-17.479926 1.972837 38.744503
-17.616168 1.969700 39.011532
-17.776033 1.967293 39.321688
-18.077889 1.965578 39.903551
-18.164826 1.966708 40.072413
-18.253968 1.969742 40.239887
-18.399337 1.975274 40.508405
-18.527321 1.979052 40.746527
-18.619243 1.981433 40.917573
-18.674612 1.982787 41.020347
-18.860141 1.986932 41.362896
-18.972072 1.989076 41.568295
-19.084853 1.990877 41.773683
-19.236701 1.992224 42.048093
-19.370322 1.991932 42.289048
-19.566823 1.989364 42.642429
-19.706552 1.986357 42.892301
-19.817643 1.983316 43.090482
-20.006571 1.977324 43.426305
-20.241194 1.969310 43.839472
-20.398189 1.963953 44.114710
-20.634488 1.956710 44.526478
-20.733486 1.953956 44.697897
-20.788032 1.952490 44.792292
-20.887123 1.949829 44.964417
-20.931672 1.948644 45.042112
-21.030956 1.946394 45.214972
-21.230852 1.944215 45.560435
-21.491916 1.943517 46.012966
-21.742979 1.944772 46.441428
-22.268800 1.946940 47.324957
-22.694474 1.946039 48.032405
-22.981628 1.942256 48.510423
-23.199231 1.936898 48.872845
-23.346684 1.931628 49.119060
-23.456276 1.927119 49.302101
-23.687277 1.916949 49.687163
-23.903122 1.906235 50.046407
-24.064617 1.898058 50.314486
-24.193168 1.892148 50.527070
-24.456693 1.880907 50.962840
-24.683591 1.872645 51.334916
-24.764096 1.870282 51.464748
-24.914444 1.866329 51.705701
-25.212093 1.858017 52.193815
-25.439929 1.854729 52.570144
-25.731098 1.854494 53.037954
-25.908341 1.852701 53.321981
-26.151350 1.849210 53.711961
-26.323850 1.847431 53.986645
-26.491411 1.845657 54.251220
-26.629776 1.843647 54.468803
-26.792579 1.840759 54.724222
-27.033649 1.835721 55.102151
-27.166547 1.832436 55.309874
-27.318274 1.827899 55.546359
-27.611624 1.817337 56.001354
-27.900551 1.806865 56.446127
-28.155402 1.797406 56.835437
-28.342923 1.790807 57.121914
-28.639252 1.783795 57.571105
-28.856468 1.781201 57.896648
-29.109230 1.779626 58.272241
-29.419313 1.778994 58.727541
-29.639734 1.778792 59.048437
-29.888157 1.778778 59.408458
-30.043347 1.778406 59.632534
-30.233237 1.776885 59.906159
-30.506177 1.772172 60.298802
-30.856929 1.762900 60.801609
-31.044153 1.757136 61.068585
-31.336922 1.747404 61.485028
-31.695415 1.734481 61.992429
-32.073117 1.720019 62.522247
-32.564763 1.703852 63.204748
-32.904424 1.695810 63.680444
-33.347986 1.692286 64.281726
-33.958422 1.687633 65.097307
-34.384961 1.683270 65.664453
-34.647223 1.680212 66.009266
-35.034767 1.674671 66.516921
-35.197614 1.671713 66.730586
-35.492512 1.665188 67.117990
-35.740573 1.658620 67.444943
-36.081674 1.648124 67.895891
-36.353324 1.639129 68.255456
-36.586305 1.631361 68.564186
-36.913558 1.620795 68.996922
-37.289480 1.610240 69.490355
-37.620364 1.601056 69.923719
-37.778350 1.596903 70.130738
-38.094865 1.590319 70.544639
-38.469758 1.586096 71.029859
-38.630621 1.584934 71.236071
-38.890338 1.581828 71.568034
-39.210650 1.576634 71.975393
-39.450654 1.573203 72.278569
-39.625315 1.571023 72.498003
-40.052302 1.564616 73.032314
-40.558268 1.553303 73.663916
-40.812605 1.545680 73.980867
-40.931495 1.541723 74.129063
-41.059060 1.537208 74.288040
-41.084603 1.536268 74.319860
-41.417615 1.523039 74.734124
-41.674685 1.512101 75.053257
-41.906750 1.501932 75.340953
-42.148170 1.491342 75.639837
-42.399222 1.480798 75.949971
-42.599166 1.472913 76.196331
-42.870082 1.462885 76.529118
-43.142522 1.453140 76.864063
-43.397897 1.447022 77.176188
-43.743604 1.443074 77.592047
-44.030693 1.439956 77.933778
-44.219611 1.438669 78.157850
-44.381398 1.438158 78.349629
-44.552261 1.437812 78.552073
-44.597285 1.437705 78.605376
-44.759698 1.437164 78.797361
-45.004376 1.435791 79.085511
-45.313553 1.432988 79.448372
-45.495503 1.430715 79.661797
-45.759293 1.426360 79.971282
-46.014426 1.420343 80.270772
-46.279340 1.412332 80.581707
-46.754639 1.395863 81.140079
-47.111152 1.382969 81.559066
-47.569039 1.365565 82.097126
-48.222137 1.341709 82.860822
-48.695283 1.326795 83.412370
-48.964496 1.321564 83.725219
-49.415247 1.314553 84.243356
-49.719249 1.311313 84.586392
-50.121586 1.306311 85.038369
-50.479360 1.300684 85.439151
-51.054720 1.291904 86.078549
-51.378307 1.286214 86.436684
-51.753442 1.277139 86.850908
-52.140974 1.265563 87.277546
-52.670445 1.247722 87.858945
-53.082466 1.232052 88.310593
-53.557169 1.213656 88.828822
-54.076666 1.194373 89.391541
-54.498150 1.179564 89.844792
-54.777156 1.170139 90.144472
-55.191762 1.158370 90.589913
-55.722550 1.149779 91.151875
-55.932288 1.146786 91.371641
-56.026819 1.145468 91.470679
-56.446914 1.140131 91.911881
-56.782511 1.136439 92.265078
-57.076678 1.132963 92.573704
-57.498701 1.126455 93.014214
-57.826659 1.119774 93.355823
-58.133675 1.112289 93.675717
-58.462051 1.102947 94.018335
-58.769566 1.092941 94.339571
-59.098772 1.081238 94.683508
-59.534493 1.065088 95.138565
-59.832117 1.054054 95.449573
-60.151200 1.042487 95.783372
-60.470446 1.031327 96.117781
-60.811438 1.019944 96.474706
-61.111049 1.009820 96.788241
-61.539699 0.997536 97.236312
-61.657572 0.994850 97.359186
-61.894095 0.989798 97.604944
-62.142802 0.984635 97.862114
-62.544997 0.976741 98.275419
-62.839519 0.971381 98.576021
-63.179469 0.964761 98.920965
-63.510763 0.957592 99.254887
-63.843688 0.950181 99.588386
-64.166371 0.943058 99.910310
-64.545769 0.933935 100.288105
-64.836932 0.925913 100.577388
-65.196757 0.914473 100.933665
-65.513135 0.903027 101.245677
-65.875724 0.889147 101.602551
-66.193632 0.876704 101.914843
-66.661072 0.857415 102.372119
-67.016544 0.841812 102.718264
-67.246569 0.831659 102.941715
-67.338675 0.827668 103.031049
-67.603735 0.816569 103.287707
-67.811493 0.808304 103.488511
-68.147136 0.795763 103.812062
-68.263196 0.791659 103.923606
-68.391137 0.787144 104.046349
-68.636485 0.777972 104.281505
-68.977196 0.764590 104.608498
-69.176445 0.757809 104.800135
-69.339656 0.753291 104.957228
-69.432694 0.750993 105.046706
-69.665618 0.745345 105.270031
-70.029892 0.735508 105.616774
-70.373680 0.725617 105.941474
-70.764769 0.715788 106.310607
-71.119564 0.708502 106.645526
-71.511191 0.700270 107.013443
-71.725767 0.695167 107.213986
-72.036083 0.687274 107.503404
-72.537911 0.673246 107.970391
-72.657643 0.669503 108.081657
-73.029379 0.656983 108.427119
-73.449326 0.642466 108.817520
-73.797330 0.630534 109.141189
-74.073476 0.621130 109.398190
-74.578589 0.604387 109.867575
-75.060003 0.590244 110.313413
-75.312774 0.583648 110.546964
-75.916989 0.569117 111.103567
-76.510127 0.558605 111.648607
-76.777338 0.554350 111.893768
-77.240279 0.547389 112.317711
-77.484891 0.543603 112.540787
-77.829578 0.537386 112.852769
-78.326821 0.526506 113.297904
-78.725836 0.517803 113.653358
-79.000218 0.511876 113.897484
-79.237754 0.506247 114.108415
-79.450859 0.500714 114.297236
-79.488521 0.499690 114.330562
-79.966981 0.485461 114.752701
-80.333390 0.473387 115.074817
-80.725972 0.459545 115.419356
-81.259898 0.439179 115.886645
-81.617038 0.424915 116.198046
-82.540190 0.387014 116.998028
-83.029730 0.368276 117.419340
-83.664064 0.345092 117.962021
-84.082358 0.329604 118.317489
-84.708222 0.312437 118.846737
-85.361282 0.298379 119.393593
-85.663040 0.292034 119.645276
-86.161387 0.282525 120.063062
-86.449804 0.277313 120.305336
-86.804476 0.270337 120.602164
-87.871162 0.244733 121.491112
-88.293149 0.232346 121.842958
-88.808638 0.215214 122.272169
-89.441894 0.193958 122.801539
-89.838296 0.180045 123.133054
-90.249574 0.164924 123.475681
-90.701402 0.148853 123.850494
-90.953794 0.140437 124.059629
-91.339399 0.128188 124.379123
-91.459346 0.124429 124.478435
-91.726854 0.115884 124.699518
-92.022300 0.106445 124.943105
-92.102848 0.104058 125.009489
-92.370467 0.097157 125.230275
-92.663930 0.090907 125.472475
-93.092438 0.081977 125.824464
-93.456954 0.073367 126.121845
-94.012035 0.060574 126.573280
-94.390575 0.053001 126.880583
-94.580242 0.048997 127.034071
-94.715988 0.045922 127.143675
-94.974442 0.039557 127.351938
-95.206075 0.033331 127.538305
-95.533321 0.023897 127.801260
-95.888172 0.012757 128.085863
-96.326189 -0.002630 128.435902
-96.381060 -0.004681 128.479625
-96.875844 -0.023976 128.872739
-97.261346 -0.039467 129.177978
-97.578185 -0.052235 129.428453
-98.116020 -0.073949 129.852881
-98.544130 -0.090832 130.189869
-98.917279 -0.104925 130.482371
-99.360662 -0.121365 130.828059
-99.667976 -0.133708 131.066359
-99.906878 -0.143623 131.251010
-100.522367 -0.165231 131.728564
-101.042284 -0.183375 132.130946
-101.339235 -0.194247 132.359206
-101.608210 -0.203923 132.565160
-101.721471 -0.207936 132.651732
-102.033053 -0.218694 132.889550
-102.174747 -0.223419 132.997555
-103.237956 -0.255837 133.806336
-103.592723 -0.266358 134.075859
-104.146883 -0.284008 134.496858
-104.842937 -0.307712 135.026271
-105.553359 -0.333717 135.566470
-105.880405 -0.346054 135.814664
-106.264748 -0.360591 136.105658
-106.835034 -0.381473 136.535330
-107.293429 -0.397603 136.878346
-107.696191 -0.411125 137.179126
-108.267622 -0.426213 137.608081
-108.695717 -0.436679 137.929610
-109.286687 -0.453412 138.368714
-109.590829 -0.462413 138.592994
-110.286363 -0.482304 139.104256
-110.750895 -0.495376 139.444170
-111.157934 -0.507168 139.741079
-111.740014 -0.525306 140.165051
-112.206198 -0.541387 140.504718
-112.614975 -0.556904 140.802413
-113.376033 -0.588415 141.354852
-114.079699 -0.618448 141.863785
-114.668139 -0.643926 142.286015
-115.435348 -0.675861 142.832888
-116.173139 -0.702404 143.357604
-116.775879 -0.720669 143.783615
-116.908357 -0.724548 143.876722
-117.188099 -0.732340 144.073236
-117.790439 -0.745886 144.498006
-118.511430 -0.760336 145.005423
-118.864918 -0.767177 145.253197
-119.849638 -0.785277 145.944679
-120.557880 -0.802706 146.440482
-121.341270 -0.825346 146.989444
-121.622181 -0.834060 147.186894
-122.185110 -0.853164 147.582516
-122.496513 -0.864332 147.801683
-122.970926 -0.881650 148.136549
-123.593997 -0.904905 148.578251
-124.010085 -0.920518 148.873451
-124.411209 -0.935160 149.157388
-125.006907 -0.956342 149.577412
-125.171556 -0.962146 149.693077
-125.485908 -0.972497 149.914227
-125.903421 -0.984155 150.209556
-126.497824 -0.997948 150.629992
-126.960729 -1.009045 150.953632
-127.395437 -1.019756 151.254618
-128.008640 -1.032492 151.678782
-128.472639 -1.041593 151.998366
-128.907879 -1.050806 152.296726
-129.523870 -1.065042 152.718359
-129.959761 -1.076468 153.016694
-130.396464 -1.089718 153.315211
-131.000391 -1.111113 153.727521
-131.469299 -1.129889 154.047591
-131.908849 -1.149036 154.346304
-132.514601 -1.175820 154.756737
-132.968242 -1.195552 155.063812
-133.605034 -1.223321 155.491629
-134.335645 -1.254734 155.979476
-134.825843 -1.274930 156.307054
-135.114399 -1.284061 156.501920
-135.552009 -1.295272 156.797624
-135.854010 -1.302431 156.999930
-136.155960 -1.309062 157.201335
-136.322001 -1.312502 157.311994
-136.639536 -1.318992 157.523275
-136.943040 -1.325137 157.724829
-137.368540 -1.332933 158.007318
-137.838847 -1.340526 158.319292
-138.460819 -1.351560 158.730171
-138.886045 -1.360403 159.010461
-139.645312 -1.378303 159.512330
-139.979872 -1.387585 159.733867
-140.574069 -1.406755 160.126994
-141.016392 -1.422820 160.419762
-141.505367 -1.441699 160.743570
-142.131868 -1.465747 161.158193
-142.543257 -1.480117 161.430562
-142.848069 -1.490247 161.631654
-143.643456 -1.516041 162.151557
-144.067925 -1.524842 162.432900
-144.538834 -1.533972 162.742706
-144.983219 -1.544455 163.029774
-145.473955 -1.555062 163.346538
-145.902202 -1.562636 163.624488
-146.515602 -1.574580 164.019507
-146.991542 -1.584679 164.324452
-147.436360 -1.594310 164.609794
-148.050192 -1.609341 165.002771
-148.557683 -1.623915 165.326324
-148.989205 -1.637678 165.600710
-149.591615 -1.658768 165.982479
-149.916359 -1.670684 166.187772
-150.395579 -1.688146 166.490784
-151.013436 -1.709705 166.881727
-151.462112 -1.725351 167.164001
-151.927800 -1.742032 167.454180
-152.563206 -1.762192 167.849982
-153.302948 -1.779998 168.312585
-153.796368 -1.790407 168.618658
-154.552618 -1.803261 169.089257
-154.861811 -1.808267 169.281654
-155.465167 -1.818709 169.655440
-156.253681 -1.832530 170.144169
-157.089122 -1.849148 170.662280
-157.817954 -1.867214 171.113514
-158.439212 -1.884516 171.499198
-159.248227 -1.909429 172.001926
-160.042253 -1.934487 172.495164
-160.618222 -1.951471 172.852670
-161.054644 -1.963007 173.122692
-161.989297 -1.983719 173.697061
-162.470330 -1.992179 173.992329
-162.796140 -1.997687 174.191811
-163.417402 -2.008564 174.569921
-164.038431 -2.019275 174.946594
-164.410755 -2.025330 175.172727
-164.628000 -2.028942 175.304615
-164.690084 -2.030001 175.342280
-164.938504 -2.034437 175.492824
-165.140421 -2.038308 175.614944
-165.280232 -2.041138 175.699353
-165.746337 -2.051430 175.980101
-166.523297 -2.071202 176.446556
-166.989430 -2.084314 176.725650
-167.455639 -2.098073 177.004620
-168.046616 -2.116550 177.357467
-169.011033 -2.147446 177.930930
-169.353075 -2.157822 178.134071
-169.960626 -2.175962 178.492784
-170.382564 -2.188334 178.740112
-170.585692 -2.193829 178.859347
-171.006539 -2.203500 179.108155
-172.107785 -2.221086 179.764262
-172.745332 -2.230020 180.142072
-173.367570 -2.237709 180.511742
-173.833513 -2.243224 180.789772
-174.314439 -2.249606 181.076960
-174.857278 -2.258447 181.400485
-175.275862 -2.266277 181.649986
-175.663565 -2.274474 181.880975
-176.160635 -2.286293 182.176941
-176.752006 -2.301822 182.529487
-177.110035 -2.311738 182.743472
-177.530258 -2.323509 182.995285
-178.152814 -2.340131 183.369748
-178.775224 -2.355224 183.745414
-179.413419 -2.370575 184.128827
-180.348896 -2.391303 184.687754
-180.831499 -2.398865 184.977974
-181.266481 -2.405338 185.238596
-181.902494 -2.415275 185.617823
-182.382741 -2.422608 185.903829
-182.816220 -2.429058 186.161816
-183.327182 -2.436865 186.465358
-183.947309 -2.447541 186.832202
-184.459135 -2.457413 187.134474
-184.877634 -2.466321 187.381374
-185.605709 -2.483937 187.809786
-186.411374 -2.506198 188.282825
-187.464412 -2.537052 188.899820
-188.576856 -2.565446 189.549772
-188.870886 -2.572229 189.719871
-189.210678 -2.578451 189.917960
-189.518648 -2.582581 190.099385
-190.284386 -2.590388 190.551837
-191.188292 -2.598108 191.084263
-191.956245 -2.605434 191.535392
-192.600891 -2.612798 191.914604
-193.200003 -2.620890 192.267611
-194.104702 -2.636323 192.801417
-195.965784 -2.679400 193.898146
-196.382404 -2.689226 194.144173
-197.478522 -2.714082 194.789347
-198.541325 -2.731709 195.418061
-199.031010 -2.738501 195.708954
-199.762986 -2.749616 196.141902
-200.674915 -2.762106 196.682707
-201.280973 -2.770496 197.042439
-202.187217 -2.785146 197.580675
